1 1  0.100000  0.000000  0
1 2  0.099838  0.000126  0
1 3  0.099417  0.000494  0
1 4  0.098825  0.001037  0
1 5  0.098075  0.001646  0
1 6  0.097111  0.002250  0
1 7  0.095884  0.002853  0
1 8  0.094389  0.003476  0
1 9  0.092639  0.004116  0
1 10 0.090641  0.004768  0
1 11 0.088406  0.005427  0
1 12 0.085947  0.006089  0
1 13 0.083277  0.006749  0
1 14 0.080412  0.007402  0
1 15 0.077369  0.008044  0
1 16 0.074166  0.008671  0
1 17 0.070823  0.009277  0
1 18 0.067360  0.009859  0
1 19 0.063798  0.010412  0
1 20 0.060158  0.010935  0
1 21 0.056465  0.011425  0
1 22 0.052744  0.011881  0
1 23 0.049025  0.012303  0
1 24 0.045340  0.012683  0
1 25 0.041721  0.013011  0
1 26 0.038193  0.013271  0
1 27 0.034777  0.013447  0
1 28 0.031488  0.013526  0
1 29 0.028347  0.013505  0
1 30 0.025370  0.013346  0
1 31 0.022541  0.013037  0
1 32 0.019846  0.012594  0
1 33 0.017286  0.012026  0
1 34 0.014863  0.011355  0
1 35 0.012591  0.010598  0
1 36 0.010482  0.009770  0
1 37 0.008545  0.008879  0
1 38 0.006789  0.007940  0
1 39 0.005223  0.006965  0
1 40 0.003855  0.005968  0
1 41 0.002694  0.004966  0
1 42 0.001755  0.003961  0
1 43 0.001028  0.002954  0
1 44 0.000495  0.001969  0
1 45 0.000155  0.001033  0
1 46 0.000005  0.000178  0