1 47 0.000044   -0.000561  0
1 48 0.000264   -0.001120  0
1 49 0.000789   -0.001427  0
1 50 0.001718   -0.001550  0
1 51 0.003006   -0.001584  0
1 52 0.004627   -0.001532  0
1 53 0.006561   -0.001404  0
1 54 0.008787   -0.001202  0
1 55 0.011282   -0.000925  0
1 56 0.014020   -0.000563  0
1 57 0.017006   -0.000075  0
1 58 0.020278    0.000535  0
1 59 0.023840    0.001213  0
1 60 0.027673    0.001928  0
1 61 0.031750    0.002652  0
1 62 0.036044    0.003358  0
1 63 0.040519    0.004021  0
1 64 0.045139    0.004618  0
1 65 0.049860    0.005129  0
1 66 0.054639    0.005534  0
1 67 0.059428    0.005820  0
1 68 0.064176    0.005976  0
1 69 0.068832    0.005994  0
1 70 0.073344    0.005872  0
1 71 0.077660    0.005612  0
1 72 0.081729    0.005219  0
1 73 0.085500    0.004706  0
1 74 0.088928    0.004088  0
1 75 0.091966    0.003387  0
1 76 0.094573    0.002624  0
1 77 0.096693    0.002022  0
1 78 0.098255    0.001060  0
1 79 0.099268    0.000468  0
1 80 0.099825    0.000115  0
1 81 0.100000    0.000000  0
